# T_eingestellt T_Heizplatte_Thermoelement T_Ag-Platte_Thermoelement T_Waferoberfläche_Thermoelement T_Dom_Thermoelement  T_Heizplatte_Laser T_Ag-Platte_Laser T_Waferoberfläche_Laser T_Dom_Laser
1  21           22.3                       21.7                      21.6                            21.4                 23.3               23.1              23.1                    23.5
2  25           25                         24.8                      25.5                            21.9                 25.3               25                24.7                    23.5
3  30           28.5                       29                        29.3                            22                   29.5               28                28                      23.8
4  35           33.5                       34.4                      33                              22.2                 34.8               31.8              31.6                    23.8
5  40           37.9                       38.7                      36                              22.9                 39.4               36.4              35.8                    24.1
6  45           40.5                       40                        40.3                            23.7                 45                 39.1              39.6                    24.6
7  50           46.7                       42.7                      45.6                            23.9                 48                 43.1              43                      24.9
8  60           58.1                       54.8                      51.9                            25.3                 57.9               48.9              48.6                    25.6
9  70           65                         63.4                      62.7                            26.5                 67.9               56                57.2                    25.6
10 80           74.8                       74.6                      65.3                            26.8                 74.6               64                63.9                    26.5
11 100          91.4                       85.6                      81.1                            29.7                 97.4               75.8              76.5                    28.1
12 125          119.1                      113.1                     103.2                           32                   119.2              92.9              95                      30.2
13 150          141.3                      125.6                     123.4                           37                   144.5              107               110.7                   33.4
14 200          182.5                      168.0                     169.8                           24.4                 178.9              139.6             132.7                   24.6
15 225          0                          190.6                     184.4                           0                    0                  0                 0                       0
16 250          0                          209                       198                             0                    0                  0                 0                       0
17 275          0                          222                       221                             0                    0                  0                 0                       0
18 300          0                          240                       240                             0                    0                  0                 0                       0
19 325          0                          264                       258                             0                    0                  0                 0                       0
